40.0
50.0
30.0
5.0
1.0
50.0
5.0
3.0
5.0
12.0
1000000.0
300000.0
2000000.0
10000.0
25000.0
125000.0
115000.0
114900.0
114800.0
114700.0
114600.0
104700.0
111200.0
107700.0
107600.0
104100.0
104000.0
94000.0
103900.0
94000.0
100500.0
94001.0
84000.0
102700.0
103480.0
93480.0
103380.0
103280.0
99880.0
93380.0
83380.0
93280.0
93380.0
83380.0
73380.0
63380.0
63380.0
163380.0
143380.0
133380.0
123380.0
113380.0
93380.0
83380.0
63380.0
62860.0
52860.0
52340.0
51820.0
51300.0
50000.0
250000.0
246500.0
246400.0
250400.0
246900.0
236901.0
228901.0
218901.0
